2;3;1;440 30
2;2;2;20 -30,1220 -30
2;1;2;10 -50,1220 -30
2;2;2;300 -30,1220 -50
2;2;2;200 -90,1220 -30
2;1;2;20 -30,1220 -90
2;2;2;700 -30,1220 -30
2;2;2;20 -30,1220 -10
2;1;2;20 -500,1220 -30
2;2;2;20 -40,1220 -30
2;2;2;20 -10,1220 -60
2;1;2;800 -30,1220 -30
2;2;2;20 -70,1220 -30
2;1;2;20 -30,1220 -10
2;2;2;20 -50,1220 -90
2;1;2;20 -10,1220 -200
2;2;2;200 -70,1220 -30
2;1;2;20 -30,1220 -30
2;2;2;20 -80,1220 -80
2;1;2;20 -30,1220 -30
2;2;4;10 -30,1200 -30,20 -30,1200 -30
10;4;1;440 30
5;4;1;440 30
12;3;1;440 30